0,0,1,2024-12-17
1,2,2,2024-12-17
2,4,3,2024-12-17
3,6,4,2024-12-17
4,8,5,2024-12-17
5,10,1,2024-12-17
6,12,2,2024-12-17
7,14,3,2024-12-17
8,16,4,2024-12-17
9,18,5,2024-12-17
10,20,1,2024-12-17
11,22,2,2024-12-17
12,24,3,2024-12-17
13,26,4,2024-12-17
14,28,5,2024-12-17
15,30,1,2024-12-17
16,32,2,2024-12-17
17,34,3,2024-12-17
18,36,4,2024-12-17
19,38,5,2024-12-17
20,40,1,2024-12-17
21,42,2,2024-12-17
22,44,3,2024-12-17
23,46,4,2024-12-17
24,48,5,2024-12-17
25,50,1,2024-12-17
26,52,2,2024-12-17
27,54,3,2024-12-17
28,56,4,2024-12-17
29,58,5,2024-12-17
30,60,1,2024-12-17
31,62,2,2024-12-17
32,64,3,2024-12-17
33,66,4,2024-12-17
34,68,5,2024-12-17
35,70,1,2024-12-17
36,72,2,2024-12-17
37,74,3,2024-12-17
38,76,4,2024-12-17
39,78,5,2024-12-17
40,80,1,2024-12-17
41,82,2,2024-12-17
42,84,3,2024-12-17
43,86,4,2024-12-17
44,88,5,2024-12-17
45,90,1,2024-12-17
46,92,2,2024-12-17
47,94,3,2024-12-17
48,96,4,2024-12-17
49,98,5,2024-12-17
