50,150,1,2024-12-17
51,153,2,2024-12-17
52,156,3,2024-12-17
53,159,4,2024-12-17
54,162,5,2024-12-17
55,165,1,2024-12-17
56,168,2,2024-12-17
57,171,3,2024-12-17
58,174,4,2024-12-17
59,177,5,2024-12-17
60,180,1,2024-12-17
61,183,2,2024-12-17
62,186,3,2024-12-17
63,189,4,2024-12-17
64,192,5,2024-12-17
65,195,1,2024-12-17
66,198,2,2024-12-17
67,201,3,2024-12-17
68,204,4,2024-12-17
69,207,5,2024-12-17
70,210,1,2024-12-17
71,213,2,2024-12-17
72,216,3,2024-12-17
73,219,4,2024-12-17
74,222,5,2024-12-17
75,225,1,2024-12-17
76,228,2,2024-12-17
77,231,3,2024-12-17
78,234,4,2024-12-17
79,237,5,2024-12-17
80,240,1,2024-12-17
81,243,2,2024-12-17
82,246,3,2024-12-17
83,249,4,2024-12-17
84,252,5,2024-12-17
85,255,1,2024-12-17
86,258,2,2024-12-17
87,261,3,2024-12-17
88,264,4,2024-12-17
89,267,5,2024-12-17
90,270,1,2024-12-17
91,273,2,2024-12-17
92,276,3,2024-12-17
93,279,4,2024-12-17
94,282,5,2024-12-17
95,285,1,2024-12-17
96,288,2,2024-12-17
97,291,3,2024-12-17
98,294,4,2024-12-17
99,297,5,2024-12-17
